version https://git-lfs.github.com/spec/v1
oid sha256:d5bae642b83d6c041ccf8f66543c6581c92f021d37d426168dfa8771598d879a
size 104174
