version https://git-lfs.github.com/spec/v1
oid sha256:81e1f0c18554ebd811345e2dddd8550707f5a513ea0203dc65126d8ab2259197
size 5559940
