version https://git-lfs.github.com/spec/v1
oid sha256:6002dfaa717ecb1189b2172c1e9ea6bfce94db403a379d37bc5ae37709e0f2db
size 1781
